AGE00147708,[(1886,128.05498281786942,255.4794520547945),(1887,113.0625,235.2840909090909),(1888,112.202216066482,235.26315789473685),(1889,100.53658536585365,227.95294117647057)]
AGE00147712,[(1886,None,170.0),(1887,79.375,230.41129032258064),(1888,106.9882697947214,249.09117647058824),(1889,91.06666666666666,215.9455252918288)]
AGE00147717,[(1880,72.45628415300547,233.9917808219178),(1881,87.36712328767123,248.38082191780822),(1882,18.441666666666666,238.2054794520548),(1883,90.51785714285714,238.77380952380952),(1884,84.81420765027322,218.8870056497175),(1885,75.76415094339623,235.5693641618497),(1886,89.64309764309765,248.92128279883383),(1887,88.26849315068493,243.46153846153845),(1888,77.46556473829202,235.28925619834712),(1889,71.63636363636364,228.19819819819818)]
ASN00063004,[(1880,64.68939393939394,202.01520912547528),(1881,61.52290076335878,202.04961832061068),(1882,66.51937984496124,210.22779922779924),(1883,58.86821705426357,203.09652509652508),(1884,62.44615384615385,216.15),(1885,62.130434782608695,219.4496124031008),(1886,66.74524714828897,211.35361216730038),(1887,70.53076923076924,198.77692307692308),(1888,55.08880308880309,228.84942084942085),(1889,71.66153846153846,223.46153846153845)]
ASN00065016,[(1880,112.32786885245902,264.8415300546448),(1881,103.78904109589041,247.46849315068494),(1882,110.52602739726028,252.3123287671233),(1883,98.29752066115702,238.74520547945207),(1884,84.03825136612022,241.94808743169398),(1885,95.59943977591037,259.08813559322033),(1886,94.63013698630137,237.76954732510288),(1887,89.51506849315068,336.9032258064516),(1888,90.10655737704919,270.70652173913044),(1889,130.53698630136986,239.2986301369863)]
ASN00091049,[(1884,108.5,234.74074074074073)]
CA001104468,[(1880,32.540192926045016,117.016077170418),(1881,46.33482142857143,142.12389380530973),(1882,-7.285714285714286,64.16666666666667)]
CA001167635,[(1882,-33.05084745762712,64.77966101694915),(1883,27.09880239520958,65.0754716981132),(1884,45.996350364963504,167.6970802919708),(1888,57.858108108108105,166.77027027027026),(1889,42.55807365439094,162.80845070422535)]
CA003012195,[(1880,-39.47674418604651,76.27906976744185),(1881,-70.70890410958904,44.43728813559322),(1882,-53.17796610169491,75.05633802816901),(1883,-64.55014326647564,71.59312320916905),(1884,-60.01652892561984,78.65564738292011),(1885,-42.40547945205479,96.16712328767123),(1886,-53.556164383561644,83.16712328767123),(1887,-76.25641025641026,65.29235880398672),(1888,-47.060109289617486,77.54098360655738),(1889,-15.112328767123287,116.6054794520548)]
CA004013030,[(1889,-7.787234042553192,134.41228070175438)]
CA004016320,[(1883,-18.30841121495327,102.96261682242991),(1884,-70.48189415041783,48.51532033426184),(1885,-50.635616438356166,65.96986301369863),(1886,-53.12054794520548,74.22465753424657),(1887,-68.13150684931507,53.153424657534245),(1888,-55.80054644808743,58.778688524590166),(1889,-34.58904109589041,102.89315068493151)]
CA004019070,[(1884,-90.084388185654,33.244725738396625)]
CA005011760,[(1880,None,-144.05882352941177),(1881,-28.142045454545453,55.106849315068494),(1882,-57.06849315068493,61.945205479452056),(1883,-91.8958904109589,37.6),(1884,-83.2103825136612,45.00819672131148),(1885,-80.2986301369863,54.81917808219178),(1886,-79.1917808219178,69.03287671232877),(1887,-86.02465753424657,57.515068493150686),(1888,-76.51092896174863,58.17486338797814),(1889,-52.917808219178085,100.69589041095891)]
CA005012520,[(1883,-118.67826086956522,6.9),(1884,-82.37362637362638,41.797814207650276),(1885,-75.15426997245179,53.0),(1886,-79.04383561643836,63.30958904109589),(1887,-87.8,51.78630136986301),(1888,-82.47790055248619,47.467213114754095),(1889,-66.65934065934066,88.85989010989012)]
CA005022547,[(1880,-65.80601092896175,62.44808743169399),(1881,-53.50410958904109,77.06027397260274),(1882,-77.54605263157895,57.36842105263158),(1883,-87.62191780821918,52.6986301369863),(1884,-76.9672131147541,57.40710382513661),(1885,-52.68904593639576,78.85159010600707)]
CA005022790,[(1880,-59.581717451523545,63.96338028169014),(1881,-39.51304347826087,105.46666666666667),(1882,None,77.98520710059172),(1883,-68.53221288515407,46.39171974522293),(1884,-62.24657534246575,59.87123287671233),(1885,-71.55524861878453,67.57617728531856),(1886,-60.035714285714285,75.50824175824175),(1887,-70.20821917808219,65.24657534246575),(1888,-61.40163934426229,69.58196721311475),(1889,-44.443835616438356,100.18630136986302)]
CA006055095,[(1882,-35.78260869565217,50.09782608695652)]
CA006085682,[(1887,-139.25806451612902,-36.774193548387096),(1888,-60.8671096345515,91.4717607973422),(1889,-26.9811320754717,109.08962264150944)]
CA006101872,[(1880,8.969945355191257,121.81693989071039),(1881,14.136986301369863,120.79452054794521),(1882,6.695890410958904,110.77808219178083),(1883,-8.975342465753425,103.96712328767123),(1884,3.210382513661202,109.74863387978142),(1885,-6.901369863013699,97.46301369863014),(1886,1.4465753424657535,109.98901098901099),(1887,-2.6904109589041094,108.22191780821917)]
CA006104185,[(1880,24.311475409836067,126.30601092896175),(1881,24.424657534246574,127.7041095890411),(1882,24.512328767123286,121.16986301369863),(1883,4.189041095890411,101.58630136986301),(1884,16.497267759562842,106.96448087431693),(1885,3.6575342465753424,92.91232876712328),(1886,16.621917808219177,106.18082191780822),(1887,18.482191780821918,108.46301369863014),(1888,12.972677595628415,101.71584699453553),(1889,33.35068493150685,113.04657534246576)]
CA006105887,[(1880,6.108333333333333,120.81111111111112),(1881,-50.064516129032256,55.70322580645161),(1882,-34.59782608695652,40.67391304347826),(1883,-17.36986301369863,89.14246575342466),(1884,-15.857534246575343,104.37808219178082),(1885,-21.912328767123288,85.46301369863014),(1886,-8.906849315068493,92.42465753424658),(1887,-11.535714285714286,100.4532967032967),(1888,-8.375342465753425,95.47945205479452),(1889,6.482191780821918,112.07671232876713)]
CA006110458,[(1889,-45.98360655737705,43.47540983606557)]
CA006116128,[(1880,15.78688524590164,117.68032786885246),(1881,20.136986301369863,128.03013698630136),(1882,9.167123287671233,110.48219178082192),(1883,-14.199445983379501,92.14681440443213),(1884,-6.502732240437158,101.21095890410959),(1885,-24.057692307692307,84.68406593406593),(1886,4.851485148514851,102.3036303630363),(1887,-10.437673130193906,113.36754966887418),(1888,10.626865671641792,109.83283582089553),(1889,12.386301369863014,111.76438356164384)]
CA006116254,[(1880,-5.8743169398907105,105.12021857923497),(1881,-1.8794520547945206,111.77534246575343),(1882,-2.736986301369863,104.01369863013699),(1883,-28.39178082191781,88.1013698630137),(1884,-14.841530054644808,101.39344262295081),(1885,-31.216438356164385,86.7095890410959),(1886,-13.901369863013699,99.72876712328767),(1887,-18.70958904109589,101.59178082191781),(1888,-22.93169398907104,89.86065573770492),(1889,4.032876712328767,107.97808219178083)]
CA006124700,[(1886,53.546728971962615,163.093896713615),(1887,12.852054794520548,122.84657534246575),(1888,3.6346153846153846,110.9945205479452),(1889,22.254794520547946,124.04109589041096)]
CA006131388,[(1889,43.74390243902439,166.109756097561)]
CA006136694,[(1880,34.068306010928964,140.15300546448088),(1881,32.95068493150685,141.92876712328768),(1882,33.57534246575342,127.38630136986302),(1883,9.926027397260274,126.07558139534883),(1884,19.97814207650273,126.33333333333333),(1885,6.260273972602739,112.89315068493151),(1886,21.583561643835615,125.08493150684932),(1887,23.69041095890411,124.87671232876713),(1888,16.398907103825138,110.1775956284153),(1889,33.07945205479452,125.5013698630137)]
CA006140941,[(1881,74.35249042145594,202.05343511450383),(1882,21.99142857142857,131.8942857142857),(1883,-42.121212121212125,69.74242424242425),(1884,8.786703601108034,127.65927977839335),(1885,-4.590909090909091,111.2215909090909),(1886,27.87037037037037,127.10364145658264),(1887,17.02770083102493,135.6778711484594),(1888,6.59065934065934,122.57575757575758),(1889,-34.20666666666666,74.63333333333334)]
CA006143083,[(1881,86.99555555555555,183.19574468085105),(1882,28.480555555555554,119.77285318559557),(1883,4.898351648351649,107.31593406593407),(1884,5.286885245901639,120.51912568306011),(1885,-13.572727272727272,99.21212121212122),(1886,4.624657534246575,118.62465753424658),(1887,6.016483516483516,121.9641873278237),(1888,0.48342541436464087,110.89531680440771),(1889,9.389972144846796,126.08100558659218)]
CA006144505,[(1883,27.326797385620914,139.52287581699346),(1884,13.167123287671233,119.95342465753424),(1885,1.5041095890410958,103.7972602739726),(1886,14.578082191780823,116.37534246575342),(1887,17.873972602739727,120.44109589041096),(1888,10.565573770491802,110.13661202185793),(1889,27.553424657534247,126.54246575342465)]
CA006147340,[(1888,-57.064516129032256,10.32258064516129),(1889,21.019178082191782,125.9972602739726)]
CA006148100,[(1880,15.829608938547485,119.49162011173185),(1881,13.808219178082192,129.16438356164383),(1882,5.047197640117994,108.42182890855457),(1883,-5.742465753424658,104.17260273972603),(1884,3.9972602739726026,114.6027397260274),(1885,-7.5917808219178085,98.1945205479452),(1886,8.073972602739726,111.4904109589041),(1887,3.451523545706371,115.42382271468144),(1888,-1.5867768595041323,105.58126721763085)]
CA006150913,[(1880,27.158640226628894,120.84426229508196),(1881,22.715068493150685,124.64931506849315),(1882,12.510263929618768,109.32058823529412),(1883,-1.6712328767123288,101.33424657534246),(1884,6.415300546448087,111.94535519125684),(1885,-12.138643067846608,91.79464285714286),(1886,4.221590909090909,109.43019943019944),(1887,6.337078651685394,118.50140845070422),(1888,4.5710382513661205,110.03551912568307)]
CA006164297,[(1880,32.268595041322314,None),(1881,13.901360544217686,None),(1882,10.002898550724638,None),(1883,-17.370588235294118,155.65437788018434),(1884,-6.307926829268292,153.27678571428572),(1885,-26.06687898089172,100.6118881118881),(1886,-22.510135135135137,129.48598130841123),(1887,-21.567307692307693,84.54304635761589),(1888,-17.842261904761905,94.24404761904762),(1889,14.424242424242424,114.32782369146005)]
CA006166416,[(1880,6.469178082191781,126.9090909090909),(1881,10.316993464052288,131.77777777777777),(1882,6.112179487179487,122.7724358974359),(1883,-7.728155339805825,107.91585760517799),(1884,11.141643059490084,123.11614730878188),(1885,-7.942465753424657,110.5123287671233),(1886,-3.6016483516483517,118.82142857142857),(1887,-15.690751445086706,128.6986301369863)]
CA007026465,[(1880,-5.803827751196172,128.2488038277512),(1881,37.53005464480874,151.53296703296704),(1882,-16.892857142857142,97.89041095890411),(1883,-33.8986301369863,92.36813186813187),(1884,-19.50137741046832,100.98626373626374),(1885,-36.172602739726024,94.18082191780822),(1886,-27.254794520547946,104.51648351648352),(1887,-29.975274725274726,99.72054794520548),(1888,-30.44931506849315,89.19945355191257),(1889,-4.381868131868132,112.57142857142857)]
CA008100990,[(1880,-20.51912568306011,101.30874316939891),(1881,-11.057534246575342,100.58904109589041),(1882,-20.30958904109589,94.05205479452054),(1883,-30.745205479452054,91.64657534246575),(1884,-22.873972602739727,88.76986301369863),(1885,-22.208219178082192,96.62191780821918),(1886,-11.627397260273973,99.92602739726027),(1887,-22.106849315068494,98.11780821917809),(1888,-19.325136612021858,90.19125683060109),(1889,6.934246575342466,115.27671232876712)]
CA008101700,[(1880,-17.188524590163933,110.69398907103825),(1881,-5.164383561643835,108.96986301369863),(1882,-17.356164383561644,103.88493150684931),(1883,-30.172602739726027,99.86849315068493),(1884,-17.846994535519126,101.56557377049181),(1885,-21.54794520547945,104.68767123287671),(1886,-10.26849315068493,104.33150684931506),(1887,-15.575342465753424,98.77808219178083),(1888,-14.062841530054644,93.02459016393442),(1889,5.101369863013699,116.07123287671233)]
CA008103825,[(1886,32.08988764044944,151.12359550561797),(1887,-11.937125748502995,100.26726726726727),(1888,-25.114754098360656,56.09836065573771),(1889,-8.58904109589041,101.52328767123288)]
CYE00100074,[(1881,138.73793103448276,275.9597315436242),(1882,84.61581920903954,220.86524822695034),(1883,67.87037037037037,262.36164383561646),(1884,97.44267515923566,266.1878453038674),(1885,119.03370786516854,274.87772925764193),(1886,108.99178082191781,274.6868131868132),(1887,118.9041095890411,262.6191780821918),(1888,124.93169398907104,257.57923497267757),(1889,135.24786324786325,263.0412087912088)]
DA000021100,[(1880,49.885245901639344,106.38524590163935),(1881,33.31506849315068,84.86301369863014),(1882,57.33150684931507,106.41643835616438),(1883,49.775342465753425,100.41643835616438),(1884,57.87431693989071,107.76775956284153),(1885,45.104109589041094,93.9945205479452),(1886,42.875,97.41369863013699),(1887,44.97808219178082,97.13424657534246),(1888,38.98082191780822,87.04918032786885),(1889,55.26575342465753,104.16164383561645)]
DA000030380,[(1880,34.21584699453552,113.31147540983606),(1881,24.84931506849315,99.56438356164384),(1882,47.62191780821918,124.11506849315069),(1883,40.28219178082192,113.6),(1884,45.35245901639344,121.1584699453552),(1885,30.153424657534245,112.40547945205479),(1886,32.4,114.79178082191781),(1887,32.26849315068493,110.02465753424657),(1888,29.05191256830601,98.2103825136612),(1889,39.726027397260275,112.02191780821917)]
EI000003969,[(1881,44.26301369863014,123.84109589041095),(1882,50.95616438356164,129.35342465753425),(1883,45.221917808219175,126.17534246575343),(1884,53.72950819672131,130.72677595628414),(1885,43.62465753424657,121.35890410958905),(1886,47.868493150684934,121.14520547945206),(1887,44.06849315068493,127.53424657534246),(1888,46.81693989071038,120.55191256830601),(1889,51.44931506849315,127.73424657534247)]
GMW00035032,[(1880,60.59836065573771,142.06284153005464),(1881,52.723287671232875,132.96438356164384),(1882,60.8,136.48219178082192),(1883,58.397260273972606,136.813698630137),(1884,64.76775956284153,144.83879781420765),(1885,53.8054794520548,133.75342465753425),(1886,60.56164383561644,140.96712328767123),(1887,48.104109589041094,125.40273972602739),(1888,50.177595628415304,124.22404371584699),(1889,57.12876712328767,130.27945205479452)]
HR000142360,[(1881,62.33698630136986,139.58356164383562),(1882,74.46849315068494,159.6054794520548),(1883,64.2904109589041,143.77534246575343),(1884,68.77595628415301,149.39617486338798),(1885,75.21917808219177,156.75890410958905),(1886,71.19658119658119,149.2193732193732),(1887,65.84383561643835,146.3123287671233),(1888,58.73497267759563,139.34426229508196),(1889,67.40547945205479,138.34246575342465)]
ITE00100554,[(1880,91.98087431693989,175.07650273224044),(1881,89.87945205479453,172.1041095890411),(1882,93.92876712328767,176.9972602739726),(1883,86.67945205479452,166.51232876712328),(1884,88.87158469945355,173.54098360655738),(1885,92.71232876712328,170.70958904109588),(1886,93.41369863013699,173.64383561643837),(1887,82.10958904109589,165.1205479452055),(1888,83.19945355191257,166.2486338797814),(1889,85.68767123287671,168.3041095890411)]
RSM00024944,[(1882,-168.70909090909092,None)]
RSM00028440,[(1881,-25.5748502994012,None),(1882,-43.97095435684647,None),(1885,-139.86885245901638,-62.08196721311475),(1886,-33.66849315068493,52.320547945205476),(1888,-43.18852459016394,89.72540983606558),(1889,-108.23868312757202,58.41917808219178)]
RSM00032071,[(1886,-64.2051282051282,None),(1887,-69.23988439306359,None),(1888,-63.986149584487535,None),(1889,-81.04347826086956,None)]
RSM00034880,[(1881,48.72054794520548,138.42191780821918),(1882,58.9013698630137,149.0),(1883,50.865753424657534,149.44383561643835),(1884,49.14754098360656,143.53551912568307),(1885,46.37808219178082,150.33972602739726),(1886,8.458563535911603,111.61878453038673),(1889,-113.19354838709677,-62.516129032258064)]
RSM00037472,[(1882,83.22802197802197,None),(1883,83.6,None),(1884,79.05464480874316,None),(1885,53.983108108108105,None),(1886,84.03013698630137,None),(1887,92.5095890410959,None),(1888,85.39890710382514,None),(1889,82.81818181818181,None)]
TS000060765,[(1887,122.47802197802197,258.532967032967),(1888,99.45054945054945,229.34806629834253),(1889,137.02191780821917,256.3972602739726)]
USC00035186,[(1884,121.38271604938272,291.18407960199005),(1885,167.5,297.67597765363126),(1886,180.4240506329114,301.6158536585366),(1887,163.37878787878788,300.29891304347825),(1888,164.17877094972067,300.5195530726257),(1889,131.08878504672896,260.1121495327103)]
USC00067361,[(1884,-41.01639344262295,58.01639344262295),(1885,24.964285714285715,132.81593406593407),(1886,27.63141993957704,131.42296072507554),(1887,34.06868131868132,139.78021978021977),(1888,24.352459016393443,126.12841530054645),(1889,48.870523415977964,145.62809917355372)]
USC00090284,[(1883,-25.0,None),(1884,-26.95,361.0),(1887,-24.375,None),(1888,-22.142857142857142,None),(1889,-20.130434782608695,None)]
USC00144559,[(1880,48.94505494505494,91.42857142857143),(1881,88.07843137254902,-352.5211267605634)]
USC00192010,[(1885,3.265625,None),(1886,-15.75414364640884,4.387096774193548),(1887,4.161184210526316,112.52805280528052),(1888,18.75414364640884,128.95580110497238),(1889,39.010989010989015,144.87016574585635)]
USC00194360,[(1885,15.119565217391305,90.22826086956522),(1886,46.15890410958904,126.5095890410959),(1887,43.74175824175824,123.66849315068494),(1888,36.48087431693989,115.17486338797814),(1889,58.635820895522386,131.5313432835821)]
USC00194405,[(1885,114.17391304347827,183.22826086956522),(1886,120.17934782608695,194.80978260869566),(1887,123.88586956521739,191.52717391304347)]
USC00195891,[(1886,-47.0,None),(1887,-47.5,161.5)]
USC00198375,[(1884,-18.016393442622952,82.1311475409836),(1885,27.583561643835615,149.87123287671233),(1886,34.205479452054796,150.4986301369863),(1887,43.713467048710605,155.0911680911681),(1888,23.846575342465755,138.82465753424657),(1889,45.136986301369866,154.26301369863015)]
USC00198960,[(1885,78.8663101604278,201.85714285714286),(1886,34.987096774193546,155.86996904024767),(1887,25.35542168674699,146.10919540229884),(1888,15.333333333333334,136.84984984984985),(1889,44.52842809364549,147.65814696485623)]
USC00200146,[(1887,48.49065420560748,176.39252336448598),(1888,-0.07923497267759563,124.5),(1889,-13.750915750915752,118.63157894736842)]
USC00200718,[(1888,-33.0,72.0)]
USC00201744,[(1889,63.459016393442624,176.40983606557376)]
USC00205065,[(1888,59.17934782608695,130.55434782608697),(1889,32.9041095890411,104.93972602739726)]
USC00253035,[(1888,-51.653333333333336,102.15131578947368),(1889,-21.957264957264957,133.0672268907563)]
USC00262030,[(1888,None,-140.16666666666666)]
USC00264939,[(1885,38.83988764044944,180.15168539325842),(1886,29.66849315068493,172.7780821917808),(1887,15.810958904109588,171.0082191780822),(1888,27.866071428571427,176.73511904761904),(1889,-10.013245033112582,132.28476821192052)]
USC00266252,[(1888,14.446022727272727,183.33879781420765),(1889,6.798165137614679,198.57808219178082)]
USC00275072,[(1885,62.70909090909091,179.57818181818183),(1886,37.77124183006536,157.79738562091504),(1887,19.231197771587745,123.18994413407822),(1888,15.942424242424243,123.13432835820896),(1889,28.701219512195124,132.54954954954954)]
USC00279307,[(1886,-21.58,122.93288590604027),(1887,-2.646067415730337,111.61148648648648),(1889,-12.453038674033149,127.11602209944752)]
USC00298072,[(1880,-3.278688524590164,149.8224043715847),(1881,41.410828025477706,173.97452229299364),(1882,32.950413223140494,163.7123287671233),(1883,3.915151515151515,128.35151515151514),(1884,-59.14705882352941,53.41935483870968),(1885,30.663013698630138,154.85479452054796),(1886,31.643835616438356,153.91232876712328),(1887,35.277472527472526,160.9945205479452),(1888,37.73770491803279,159.2054794520548),(1889,37.463013698630135,159.9972602739726)]
USC00301207,[(1888,-72.57777777777778,116.05405405405405)]
USC00343300,[(1880,94.19398907103825,219.29234972677597),(1881,107.58630136986301,231.2869318181818),(1882,100.11538461538461,224.8131868131868),(1883,93.0702479338843,223.34297520661158),(1884,118.97282608695652,250.34782608695653),(1885,70.64931506849315,215.25479452054793),(1886,94.83561643835617,227.3890410958904),(1887,97.69315068493151,227.2958904109589),(1888,86.22527472527473,216.1346153846154),(1889,94.33424657534246,220.5013698630137)]
USC00354506,[(1887,35.75471698113208,187.32075471698113),(1888,-9.5,110.31651376146789),(1889,20.49173553719008,159.85185185185185)]
USC00406012,[(1883,20.5,138.45)]
USC00444876,[(1889,91.79906542056075,215.83177570093457)]
USC00464045,[(1883,88.4,200.74285714285713),(1884,50.076502732240435,166.94535519125682),(1885,40.273972602739725,148.18406593406593),(1886,49.153424657534245,158.3972602739726),(1887,59.90684931506849,167.17260273972602),(1888,59.78338278931751,148.31420765027323),(1889,-20.903225806451612,65.06451612903226)]
USC00464897,[(1889,108.3723849372385,184.94979079497907)]
USC00481816,[(1881,100.0,267.0)]
USW00014936,[(1881,45.29347826086956,161.40217391304347),(1882,5.947945205479452,133.3178082191781),(1883,-10.898630136986302,114.93698630136986),(1884,-10.092896174863387,119.85792349726776),(1885,-1.6465753424657534,122.10684931506849),(1886,-6.978082191780822,130.44931506849315),(1887,-13.158904109589042,121.62465753424658),(1888,-14.172131147540984,120.0464480874317),(1889,0.3972602739726027,138.47397260273974)]
USW00053875,[(1880,114.5846994535519,207.75409836065575),(1881,115.65205479452055,211.85205479452054),(1882,115.97534246575343,208.42739726027398),(1883,113.83287671232877,214.16438356164383),(1884,107.99180327868852,208.3551912568306),(1885,97.77260273972603,197.06575342465754),(1886,92.25205479452055,199.3068493150685),(1887,104.66027397260274,215.75068493150684),(1888,105.27049180327869,211.54371584699453),(1889,102.95616438356164,213.33424657534246)]
UZM00038457,[(1881,116.0,240.63837638376384),(1882,104.96026490066225,198.76923076923077),(1883,105.08088235294117,216.35029940119762),(1884,139.34444444444443,168.28476821192052),(1889,-127.61290322580645,None)]
