AGE00135039,[(1884,126.60606060606061,215.27272727272728),(1885,140.95068493150686,239.1023102310231),(1886,143.33241758241758,227.46107784431138),(1887,142.0775623268698,221.58904109589042),(1888,136.02203856749313,220.0986301369863),(1889,125.58739255014326,212.13698630136986)]
AGE00147711,[(1886,110.66887417218543,227.06270627062707),(1887,93.9275766016713,215.0),(1888,92.55681818181819,203.810888252149),(1889,88.80877742946709,197.95731707317074)]
AGE00147716,[(1880,None,240.5191256830601),(1881,110.37086092715232,228.62406015037595),(1882,102.51506849315068,226.85474860335196),(1883,91.61356932153393,231.7159090909091),(1884,128.09562841530055,219.10655737704917),(1885,135.4640522875817,232.78758169934642),(1886,132.72980501392757,223.22033898305085),(1887,130.95211267605634,220.19774011299435),(1888,131.26404494382024,217.1629213483146),(1889,124.070796460177,214.40828402366864)]
AGE00147720,[(1888,56.67289719626168,219.3827160493827),(1889,51.63548387096774,214.6372239747634)]
ASN00038003,[(1888,158.525,328.0734463276836),(1889,176.67123287671234,329.94246575342464)]
ASN00056017,[(1880,75.8932584269663,225.62640449438203),(1881,67.28289473684211,220.68975903614458),(1882,60.14159292035398,221.11209439528022),(1883,52.16022099447514,232.4931129476584),(1884,72.86944444444444,241.19166666666666),(1885,116.52452830188679,243.46212121212122),(1886,100.75637393767705,230.6590909090909),(1887,99.03835616438356,208.9890410958904),(1888,89.43989071038251,220.39890710382514),(1889,113.90082644628099,215.05769230769232)]
ASN00094029,[(1882,69.81454545454545,148.36),(1883,88.48209366391184,170.14958448753464),(1884,76.4478021978022,165.17403314917127),(1885,75.40273972602739,163.37808219178083),(1886,73.71232876712328,164.13150684931506),(1887,77.21095890410959,170.52328767123288),(1888,71.76923076923077,167.4010989010989),(1889,79.87671232876713,169.33698630136988)]
AU000005010,[(1880,49.94808743169399,122.77322404371584),(1881,40.084931506849315,111.52602739726028),(1882,49.43287671232877,122.8082191780822),(1883,45.8027397260274,116.21917808219177),(1884,49.60109289617486,124.83333333333333),(1885,45.26301369863014,121.13972602739726),(1886,49.1945205479452,120.56438356164384),(1887,40.054794520547944,110.43287671232876),(1888,40.51912568306011,109.35792349726776),(1889,44.29041095890411,109.48493150684932)]
AU000011801,[(1880,36.8551912568306,136.9672131147541),(1881,36.14794520547945,131.0191780821918),(1882,37.827397260273976,136.1123287671233),(1883,31.964383561643835,125.83561643835617),(1884,44.5,126.22131147540983),(1885,40.76438356164383,132.46849315068494),(1886,46.57534246575342,130.83013698630137),(1887,39.42739726027397,118.0),(1888,42.08743169398907,120.05191256830601)]
AU000015410,[(1886,-134.4262295081967,-80.49180327868852),(1887,-98.05479452054794,-49.83561643835616),(1888,-92.24043715846994,-45.3551912568306),(1889,-92.98904109589041,-49.03013698630137)]
BE000006447,[(1880,57.16120218579235,136.70218579234972),(1881,49.276712328767125,126.63287671232877),(1882,58.172602739726024,131.03287671232877),(1883,55.04383561643836,131.2986301369863),(1884,59.01639344262295,138.84699453551912),(1885,47.21369863013699,126.41917808219178),(1886,53.202739726027396,132.16986301369863),(1887,41.43561643835616,120.6986301369863),(1888,44.385245901639344,117.39344262295081),(1889,52.07397260273972,124.13698630136986)]
CA001066336,[(1886,57.160377358490564,130.1822429906542),(1887,12.017241379310345,90.64835164835165),(1888,33.37003058103976,104.36612021857924),(1889,37.21369863013699,115.3013698630137)]
CA001100120,[(1889,-13.595744680851064,65.31914893617021)]
CA001114620,[(1881,38.68975903614458,138.11746987951807),(1882,35.85479452054795,134.586301369863),(1883,37.712574850299404,145.69161676646706)]
CA003050520,[(1887,-193.41176470588235,-74.17647058823529),(1888,-134.1931818181818,-7.034090909090909),(1889,-86.03973509933775,59.794701986754966)]
CA003072657,[(1883,-181.83132530120483,-109.92682926829268),(1884,-82.10684931506849,23.189560439560438),(1885,-71.28531855955679,22.448467966573816),(1886,-89.40495867768595,-4.002754820936639),(1887,-188.125,-106.06008583690988),(1888,-49.58361774744027,34.59154929577465),(1889,-67.59025787965616,24.616045845272208)]
CA004013480,[(1889,-88.67272727272727,52.1875)]
CA004056230,[(1884,-163.15841584158414,-14.237623762376238),(1885,-108.13168724279835,43.5679012345679),(1886,-112.33147632311977,63.77437325905292),(1887,-88.30258302583026,65.12177121771218),(1888,-119.921875,113.52631578947368),(1889,-69.85474860335195,86.45251396648045)]
CA005012279,[(1886,-31.484662576687118,115.3689024390244),(1887,-128.82165605095543,67.60915492957747),(1888,-48.95505617977528,64.88764044943821),(1889,-11.343971631205674,124.69675090252707)]
CA006059475,[(1888,-199.5,-49.22727272727273),(1889,-63.4027397260274,75.52054794520548)]
CA006100969,[(1885,28.350993377483444,122.58940397350993),(1886,14.73816155988858,113.6878453038674)]
CA006102417,[(1880,19.841216216216218,144.565371024735),(1881,60.256410256410255,184.33185840707964),(1882,-10.03323262839879,121.87987012987013),(1883,-25.210227272727273,106.58753709198812),(1884,-1.6254295532646048,134.7344827586207),(1885,-36.7108843537415,113.5513698630137)]
CA006108060,[(1880,-28.311475409836067,100.5792349726776),(1881,-23.03287671232877,109.96164383561644),(1882,-26.4027397260274,98.37808219178082),(1883,-51.706849315068496,83.74246575342465),(1884,-35.37158469945355,95.30874316939891),(1885,-49.6986301369863,84.24383561643836),(1886,-40.9013698630137,95.21643835616439),(1887,-45.24931506849315,98.4876712328767),(1888,-41.82513661202186,86.56010928961749),(1889,-16.616438356164384,106.23835616438356)]
CA006110549,[(1880,8.178571428571429,116.79945054945055),(1881,8.81043956043956,124.85989010989012),(1882,10.038461538461538,118.4065934065934),(1883,-8.857534246575343,98.75342465753425),(1884,2.5835616438356164,109.11232876712329),(1885,-10.376373626373626,93.72802197802197),(1886,-0.3259668508287293,113.8393351800554),(1887,2.087912087912088,114.87637362637362)]
CA006113000,[(1880,0.13424657534246576,110.23013698630137),(1881,4.337912087912088,115.71703296703296),(1882,4.233516483516484,107.68406593406593),(1883,-17.202739726027396,93.23351648351648),(1884,-4.975342465753425,106.88219178082191),(1885,-20.794520547945204,91.10989010989012),(1886,-4.03013698630137,102.77808219178083),(1887,-7.7162534435261705,114.44903581267218),(1888,-17.636111111111113,98.075),(1889,2.3287292817679557,116.65013774104683)]
CA006129850,[(1881,73.1534090909091,184.27272727272728),(1882,23.887671232876713,127.79178082191781),(1883,-3.0875706214689265,111.87671232876713),(1884,12.1448087431694,120.78688524590164),(1885,-0.5287671232876713,106.45753424657535),(1886,14.013698630136986,119.7041095890411),(1887,15.542465753424658,124.64109589041095),(1888,7.644808743169399,112.41256830601093),(1889,26.336986301369862,127.61643835616438)]
CA006139520,[(1880,39.3343949044586,149.64012738853503),(1881,36.16932907348243,149.65495207667732),(1882,37.26282051282051,144.01282051282053),(1883,19.511182108626198,133.56230031948883),(1884,25.9171974522293,143.0859872611465),(1885,13.217252396166135,128.65495207667732),(1886,25.156549520766774,144.89456869009584),(1887,24.4185303514377,146.2523961661342)]
CA006141095,[(1880,-1.6133333333333333,124.01944444444445),(1881,18.728021978021978,129.1046831955923),(1882,17.38150289017341,119.92173913043479),(1883,-5.837988826815643,103.12813370473538),(1884,1.129120879120879,118.90934065934066),(1885,13.86,131.32),(1886,6.345505617977528,120.35028248587571),(1887,6.583333333333333,126.91944444444445),(1888,0.7837078651685393,113.7247191011236),(1889,16.911428571428573,120.76790830945559)]
CA006144470,[(1880,24.25824175824176,116.28333333333333),(1881,26.058282208588956,134.52147239263803),(1882,19.73860182370821,124.78353658536585),(1883,0.6646884272997032,112.87761194029851),(1884,-0.08256880733944955,117.4329268292683),(1885,-6.305882352941176,105.81231671554252),(1886,-6.609427609427609,102.13898305084746),(1887,1.1628664495114007,108.9640522875817),(1888,-9.537267080745341,99.6269592476489),(1889,-7.315789473684211,94.55263157894737)]
CA006150243,[(1887,-6.315934065934066,106.89010989010988),(1888,-18.060109289617486,92.33333333333333),(1889,1.1835616438356165,106.47123287671234)]
CA006152007,[(1882,61.33168316831683,169.89162561576356),(1883,-1.4022038567493114,110.36088154269973),(1884,10.487603305785123,119.43526170798899),(1885,-1.4116022099447514,105.52486187845304),(1886,8.238888888888889,118.21111111111111),(1887,12.052631578947368,122.31024930747922),(1888,0.15846994535519127,115.00819672131148),(1889,20.15068493150685,128.2)]
CA006158065,[(1889,36.26865671641791,127.53618421052632)]
CA007021952,[(1880,-22.707650273224044,88.28142076502732),(1881,-17.464285714285715,89.09615384615384),(1882,-31.09041095890411,74.55890410958904),(1883,-45.676712328767124,68.86027397260274),(1884,-29.80327868852459,78.33060109289617),(1885,-36.86813186813187,80.36263736263736),(1886,-30.28021978021978,82.70604395604396),(1887,-37.66575342465753,77.38630136986302),(1888,-37.17213114754098,65.98087431693989),(1889,-17.03835616438356,90.83561643835617)]
CA007056067,[(1880,-29.204918032786885,62.387978142076506),(1881,-22.336088154269973,67.3030303030303),(1882,-31.767123287671232,57.79178082191781),(1883,-43.92602739726028,55.66301369863014),(1884,-43.81147540983606,51.17486338797814),(1885,-29.1768115942029,52.0986301369863),(1886,-29.775342465753425,57.83835616438356),(1887,-36.986301369863014,50.0986301369863),(1888,-36.224043715846996,48.95628415300546),(1889,-19.40821917808219,66.43561643835616)]
CA007066688,[(1888,5.783882783882784,102.00732600732601),(1889,-21.87945205479452,73.84657534246575)]
CA007095000,[(1885,-95.59715639810426,27.07035175879397)]
CA008101920,[(1883,42.33898305084746,132.70056497175142),(1884,13.775956284153006,99.34426229508196),(1885,9.772602739726027,97.06301369863014),(1886,17.112328767123287,105.36164383561643),(1887,8.64931506849315,102.35890410958905),(1888,4.7650273224043715,92.43442622950819),(1889,24.747945205479454,111.55068493150685)]
CA008104800,[(1880,10.53825136612022,88.33060109289617),(1881,14.835616438356164,87.23835616438356),(1882,5.361643835616438,81.26301369863013),(1883,-1.8969359331476323,86.85793871866295),(1884,0.23224043715846995,89.59289617486338),(1885,-2.3917808219178083,91.63561643835617),(1886,3.654696132596685,98.03867403314918),(1887,-0.38082191780821917,92.01369863013699),(1888,-0.06318681318681318,84.22527472527473),(1889,20.73972602739726,102.83835616438355)]
CA008200150,[(1880,-57.935483870967744,None),(1881,-39.26775956284153,17.785714285714285),(1882,-14.825,114.31899641577061),(1883,-25.854166666666668,119.88333333333334),(1885,24.322580645161292,139.6451612903226),(1886,-45.5472972972973,80.61486486486487),(1887,69.51724137931035,197.17241379310346),(1888,-82.93939393939394,6.967741935483871)]
CA008204480,[(1885,4.576086956521739,141.56521739130434),(1886,0.8792270531400966,91.77830188679245),(1887,-45.71910112359551,11.247191011235955),(1888,-33.32258064516129,25.225806451612904)]
CA008206410,[(1880,-37.53947368421053,67.92105263157895),(1881,21.284900284900285,103.45425867507886),(1882,10.143250688705233,101.63461538461539),(1883,-135.10526315789474,69.56424581005587)]
CA008401125,[(1880,-107.2396694214876,-0.8),(1881,-7.678571428571429,None),(1882,-19.424657534246574,None),(1883,-33.293150684931504,None),(1884,-138.8,None)]
DA000032030,[(1880,53.33879781420765,102.08196721311475),(1881,41.05205479452055,87.3972602739726),(1882,61.726027397260275,107.42191780821918),(1883,50.78082191780822,96.6082191780822),(1884,57.4344262295082,105.6584699453552),(1885,53.153424657534245,100.08219178082192),(1886,52.536986301369865,104.00821917808219),(1887,51.49589041095891,99.64931506849315),(1888,41.521857923497265,83.62290502793296),(1889,50.057534246575344,96.37808219178082)]
FRE00104937,[(1880,None,9990.0),(1881,None,9990.0),(1882,None,9990.0),(1883,None,9990.0),(1884,None,9990.0),(1885,None,9990.0),(1886,None,9990.0),(1887,None,9990.0),(1888,None,9990.0),(1889,None,9990.0)]
GG000037545,[(1881,73.63287671232877,None),(1882,79.6556886227545,None),(1883,75.44383561643835,None),(1884,71.19672131147541,None),(1885,74.16164383561645,None),(1886,72.37808219178082,None),(1887,77.95616438356164,None),(1888,77.92349726775956,215.1413043478261),(1889,92.7185628742515,200.03892215568862)]
GM000004063,[(1880,42.65846994535519,127.47267759562841),(1881,37.88493150684931,118.67671232876712),(1882,44.10526315789474,131.51246537396122),(1883,43.945205479452056,130.586301369863),(1884,46.41803278688525,136.42896174863387),(1885,40.59452054794521,135.4794520547945),(1886,46.71506849315068,139.73150684931508),(1887,29.6,123.26027397260275),(1888,34.45628415300546,122.5464480874317),(1889,39.16986301369863,125.58082191780822)]
GM000004199,[(1880,40.26229508196721,124.02732240437159),(1881,34.276712328767125,119.81643835616438),(1882,38.50410958904109,126.53972602739726),(1883,36.52328767123288,119.56712328767124),(1884,42.54644808743169,128.96448087431693),(1885,36.31780821917808,125.8054794520548),(1886,41.224657534246575,126.61369863013698),(1887,28.063013698630137,112.16712328767123),(1888,33.06284153005465,113.28688524590164),(1889,35.78630136986301,112.7972602739726)]
GM000010962,[(1880,31.34426229508197,99.86612021857924),(1881,22.504109589041096,95.08219178082192),(1882,28.90958904109589,102.40821917808219),(1883,18.024657534246575,94.71780821917808),(1884,28.382513661202186,103.2896174863388),(1885,25.063013698630137,103.96438356164384),(1886,29.2,100.53972602739726),(1887,18.515068493150686,87.04657534246576),(1888,23.85792349726776,90.70491803278688),(1889,21.71780821917808,89.33150684931506)]
RSM00023804,[(1888,-4.817843866171004,None),(1889,-29.395604395604394,None)]
RSM00026063,[(1881,-8.347945205479451,67.18956043956044),(1882,13.013698630136986,None),(1883,4.638356164383562,69.97520661157024),(1884,-2.0054644808743167,70.81967213114754),(1885,3.484931506849315,78.12328767123287),(1886,11.35890410958904,81.6986301369863),(1887,15.736986301369862,80.8054794520548),(1888,-16.688524590163933,56.87978142076503),(1889,8.145205479452056,78.76986301369863)]
RSM00029263,[(1884,-60.82779456193354,None),(1885,-75.18904109589042,None),(1886,-66.7013698630137,None),(1887,-73.16438356164383,163.77011494252875),(1888,-77.4375,None),(1889,-78.34246575342466,None)]
RSM00031369,[(1881,-260.82142857142856,None),(1883,-14.766666666666667,None),(1884,-83.46666666666667,None),(1885,-79.15702479338843,None),(1886,-61.00568181818182,None),(1887,-64.48474576271187,None),(1888,-60.90633608815427,None),(1889,-59.17065868263473,None)]
RSM00032061,[(1881,-45.53611111111111,None),(1882,-40.583561643835615,None),(1883,-54.704109589041096,None),(1884,-68.38251366120218,None),(1885,-64.02465753424657,None),(1886,-44.843835616438355,None),(1887,-53.52054794520548,None),(1888,-48.35245901639344,None),(1889,-66.36712328767123,None)]
RSM00034163,[(1884,-20.76502732240437,None)]
SZ000002220,[(1882,-49.33606557377049,-3.3140495867768593),(1883,-49.42774566473989,21.222543352601157),(1884,-45.11077844311377,12.09009009009009),(1885,-37.747252747252745,16.365384615384617),(1886,-42.488950276243095,17.480662983425415),(1887,-49.70879120879121,11.76923076923077)]
SZ000006717,[(1880,-23.901639344262296,24.685792349726775),(1881,-31.063013698630137,18.4986301369863),(1882,-30.339726027397262,19.865753424657534),(1883,-42.95890410958904,7.794520547945205),(1884,-41.24863387978142,12.879781420765028),(1885,-43.8054794520548,14.967123287671233),(1886,-49.945205479452056,20.0986301369863),(1887,-58.01917808219178,15.706849315068494),(1888,-52.240437158469945,17.23224043715847),(1889,-54.16438356164384,10.586301369863014)]
TSE00147769,[(1886,140.3840579710145,233.2626728110599),(1887,116.95774647887323,231.7134831460674),(1888,117.39520958083833,231.70278637770897),(1889,116.2262996941896,229.27051671732522)]
UPM00033345,[(1881,14.75328947368421,83.98684210526316),(1882,36.06575342465754,115.91232876712328),(1883,20.20059880239521,93.16167664670658),(1884,39.88486842105263,107.02302631578948),(1885,34.56986301369863,116.33424657534246),(1886,25.876712328767123,110.15342465753425),(1887,33.416438356164385,114.24109589041096),(1888,15.068306010928962,104.3688524590164),(1889,32.038356164383565,112.4931506849315)]
UPM00033976,[(1882,101.21369863013699,150.6),(1883,48.14150943396226,90.39150943396227),(1885,101.17534246575343,148.55890410958904)]
USC00033466,[(1887,-13.774193548387096,141.78571428571428),(1888,95.37808219178082,None),(1889,99.80494505494505,246.20520231213874)]
USC00034988,[(1883,145.61290322580646,247.7741935483871),(1884,91.95879120879121,208.98901098901098),(1885,87.45429362880887,206.4793388429752),(1886,-33.847457627118644,64.83050847457628)]
USC00046115,[(1888,175.22282608695653,320.6358695652174),(1889,145.0,274.793427230047)]
USC00092475,[(1886,-22.0,289.0)]
USC00117391,[(1880,151.6413043478261,281.9347826086956),(1888,-43.58064516129032,53.45161290322581),(1889,44.654794520547945,158.46027397260275)]
USC00172426,[(1889,63.0,124.8)]
USC00174230,[(1885,-25.348837209302324,57.252873563218394),(1886,6.108882521489972,112.81024096385542),(1887,-24.786713286713287,75.11827956989248),(1888,-6.509578544061303,74.6526717557252),(1889,31.09667673716012,116.67272727272727)]
USC00177827,[(1887,10.390728476821192,108.95394736842105),(1888,-180.4,-53.6)]
USC00191097,[(1884,-26.216666666666665,59.56666666666667),(1885,38.87227414330218,133.72530864197532),(1886,41.17906336088154,132.97796143250687),(1887,41.460055096418735,132.12983425414365),(1888,33.37640449438202,120.958217270195),(1889,52.11363636363637,136.90027700831024)]
USC00191650,[(1885,46.49589041095891,129.13424657534247),(1886,49.05234159779614,129.5702479338843),(1887,46.43013698630137,128.91232876712328),(1888,40.64754098360656,121.57103825136612),(1889,61.66301369863014,135.62465753424658)]
USC00194012,[(1885,6.6878453038674035,154.675),(1888,27.401960784313726,168.0033222591362)]
USC00194760,[(1885,42.36986301369863,129.07397260273973),(1886,37.48559670781893,121.65432098765432),(1887,-47.3728813559322,38.260504201680675)]
USC00197122,[(1889,180.55737704918033,244.49180327868854)]
USC00198374,[(1885,71.64673913043478,176.79738562091504),(1886,38.07123287671233,157.3945205479452),(1887,40.714285714285715,153.85479452054796),(1888,19.57704918032787,126.57377049180327),(1889,56.97260273972603,157.0986301369863)]
USC00200032,[(1887,-42.794520547945204,78.27027027027027),(1888,9.364383561643836,140.1639344262295),(1889,6.372093023255814,118.8543046357616)]
USC00254812,[(1882,-28.425,-256.275)]
USC00260770,[(1889,64.21632653061225,178.37551020408162)]
USC00263515,[(1887,-33.07692307692308,60.175),(1888,-2.4257425742574257,127.79),(1889,105.20276497695852,261.6857142857143)]
USC00268349,[(1888,-20.283185840707965,127.92035398230088),(1889,-2.9541547277936964,151.49137931034483)]
USC00276944,[(1887,-44.05434782608695,60.76086956521739),(1888,-13.532786885245901,112.32876712328768)]
USC00277060,[(1886,29.153191489361703,166.86666666666667),(1887,3.2344322344322345,125.28937728937728)]
USC00278875,[(1885,44.90217391304348,150.2336956521739),(1886,-106.03389830508475,-32.13559322033898)]
USC00307633,[(1885,82.13071895424837,154.86928104575162),(1886,63.057534246575344,142.0191780821918),(1887,65.53972602739726,144.24657534246575),(1888,57.478142076502735,136.0),(1889,21.278145695364238,97.98675496688742)]
USC00318500,[(1887,21.622222222222224,130.5888888888889)]
USC00324418,[(1881,167.0,283.0)]
USC00383742,[(1884,147.17757009345794,286.55607476635515),(1885,154.69021739130434,283.6304347826087),(1886,153.53658536585365,291.8),(1887,155.6611111111111,296.3222222222222),(1888,147.19626168224298,281.06542056074767),(1889,133.11267605633802,262.51173708920186)]
USC00413257,[(1880,118.80601092896175,234.54644808743168),(1881,115.32463768115942,221.04347826086956),(1882,113.95541401273886,243.38535031847132),(1883,-8.26530612244898,137.9387755102041)]
USC00413270,[(1880,71.58677685950413,215.95867768595042)]
USC00422996,[(1887,-378.2903225806452,-44.61290322580645),(1888,-44.89344262295082,164.7431693989071),(1889,-5.380821917808219,153.46849315068494)]
USC00431072,[(1883,None,-5.032258064516129),(1884,-66.7109375,110.88709677419355),(1885,-92.90265486725664,116.54573170731707),(1886,-65.1328125,89.93928571428572),(1887,-73.12037037037037,92.36531365313652),(1888,-83.29166666666667,101.80124223602485),(1889,-44.408,118.7109634551495)]
USC00462735,[(1889,105.15217391304348,166.54347826086956)]
USC00475484,[(1880,40.92622950819672,128.12295081967213),(1881,42.104109589041094,121.76986301369863),(1882,48.4027397260274,124.89315068493151),(1883,22.345205479452055,106.33698630136986),(1884,26.0327868852459,110.49726775956285),(1885,12.961643835616439,99.65753424657534),(1886,25.397260273972602,115.37808219178082),(1887,28.301369863013697,117.12602739726027),(1888,22.10655737704918,105.00546448087432),(1889,39.010958904109586,118.32328767123288)]
USW00014838,[(1880,4.912568306010929,105.44262295081967),(1881,2.5835616438356164,79.5041095890411),(1882,14.95068493150685,106.53892215568862),(1883,-32.83287671232877,82.01369863013699),(1884,-97.74590163934427,9.073770491803279),(1885,14.065573770491802,108.99346405228758),(1886,-0.810958904109589,97.94246575342466),(1887,9.625748502994012,103.06586826347305),(1888,-10.327868852459016,75.5792349726776),(1889,13.389041095890411,96.01095890410959)]
USW00023068,[(1884,64.97005988023952,180.53592814371257),(1888,59.680851063829785,222.2127659574468),(1889,34.632876712328766,189.71506849315068)]
USW00024157,[(1889,31.348684210526315,149.05882352941177)]
USW00024274,[(1880,61.568306010928964,148.97540983606558),(1881,74.21917808219177,158.7780821917808),(1882,69.46301369863014,162.013698630137),(1883,69.30684931506849,165.14794520547946),(1884,64.58743169398907,164.23224043715848),(1885,73.43013698630136,189.44657534246576),(1886,70.46027397260274,171.4931506849315),(1887,65.4986301369863,162.06849315068493),(1888,69.7568306010929,173.1120218579235),(1889,71.93424657534247,181.4931506849315)]
