AGE00147705,[(1886,None,154.0),(1887,145.2,228.2277777777778),(1888,149.34615384615384,224.32417582417582),(1889,144.26666666666668,220.3910447761194)]
AGE00147719,[(1888,93.06590257879657,265.2011494252874),(1889,87.18213058419244,260.0740740740741)]
AM000037789,[(1886,45.172602739726024,None),(1887,49.21643835616438,None),(1888,-15.262295081967213,None),(1889,62.76438356164383,None)]
ASN00026026,[(1884,94.87931034482759,187.10526315789474),(1885,93.16712328767123,182.44729344729345),(1886,91.87945205479453,187.35616438356163),(1887,94.06301369863014,187.1917808219178),(1888,91.42622950819673,189.2431693989071),(1889,94.78904109589041,191.25753424657535)]
ASN00033046,[(1889,224.16949152542372,291.1551724137931)]
ASN00040214,[(1887,149.9368131868132,245.013698630137),(1888,148.58743169398906,256.77868852459017),(1889,160.23013698630137,255.94794520547944)]
ASN00048013,[(1880,123.73546511627907,283.2093023255814),(1881,139.91242937853107,273.59322033898303),(1882,146.96438356164384,278.4547945205479),(1883,145.31666666666666,288.65277777777777),(1884,149.28142076502732,288.3169398907104),(1885,132.01373626373626,297.6732394366197),(1886,127.03835616438356,289.9972602739726),(1887,126.83013698630137,272.827397260274),(1888,124.42349726775956,306.827868852459),(1889,138.62739726027397,293.4739726027397)]
ASN00072151,[(1880,90.6412213740458,241.63846153846154),(1881,89.10526315789474,225.0),(1882,63.44656488549618,228.23282442748092),(1883,49.28957528957529,227.58687258687257),(1884,74.73817034700315,241.02523659305993),(1885,80.72757475083057,240.53177257525084),(1886,83.14285714285714,218.99293286219083),(1887,69.52631578947368,232.8345864661654),(1888,48.475095785440615,255.81992337164752),(1889,93.14606741573034,249.98876404494382)]
CA001090660,[(1888,-22.35223880597015,110.15625),(1889,-21.29639889196676,80.1606648199446)]
CA001105550,[(1880,39.055865921787706,120.70949720670392),(1881,47.108635097493035,130.35933147632312),(1882,-19.796610169491526,30.016949152542374)]
CA003033879,[(1886,35.877450980392155,168.83333333333334),(1887,-208.72881355932202,-99.89830508474576)]
CA006068148,[(1887,-1.7933884297520661,137.39303482587064),(1888,-287.14814814814815,77.61739130434782),(1889,1.9743589743589745,105.82934131736526)]
CA006094450,[(1880,5.4316939890710385,98.09289617486338),(1881,-8.095238095238095,86.96666666666667),(1886,30.017241379310345,124.98850574712644),(1887,-7.598337950138504,101.16388888888889),(1888,-9.028011204481793,87.24649859943978),(1889,14.408219178082192,108.74520547945205)]
CA006111766,[(1885,9.768595041322314,92.16528925619835),(1886,7.115068493150685,113.07945205479452),(1887,2.649315068493151,115.52876712328766),(1888,-18.263736263736263,103.48901098901099),(1889,-1.558904109589041,115.96986301369863)]
CA006111793,[(1881,103.9090909090909,205.11363636363637)]
CA006113660,[(1880,-42.06716417910448,86.32835820895522),(1881,-36.8159509202454,115.2469512195122),(1882,-32.384892086330936,122.36071428571428),(1883,-29.22222222222222,97.04746835443038),(1884,-8.47985347985348,108.82051282051282),(1885,-90.37810945273633,29.218905472636816)]
CA006120315,[(1882,17.721311475409838,113.64754098360656),(1883,7.779944289693593,110.28969359331477),(1884,10.54,115.29799426934098),(1885,-0.13424657534246576,105.11780821917809),(1886,14.052054794520547,121.11780821917809),(1887,18.087912087912088,124.91208791208791),(1888,8.270491803278688,112.69398907103825),(1889,25.375342465753423,123.16438356164383)]
CA006122845,[(1880,39.63387978142077,119.19125683060109),(1881,36.55068493150685,119.78356164383561),(1882,41.02465753424657,119.36986301369863),(1883,17.027397260273972,102.45479452054795),(1884,29.07103825136612,112.60928961748634),(1885,10.95068493150685,97.8986301369863),(1886,23.065753424657533,108.66027397260274),(1887,24.361643835616437,112.69589041095891)]
CA006124127,[(1880,33.78947368421053,127.90883977900552),(1881,-41.53146853146853,125.38028169014085),(1882,None,123.76571428571428),(1883,36.296551724137935,107.92613636363636),(1884,23.370473537604457,117.70752089136491),(1885,9.306358381502891,106.22543352601156),(1886,28.01197604790419,121.08083832335329),(1888,1.4325153374233128,99.7760736196319),(1889,29.501483679525222,121.19584569732937)]
CA006149625,[(1880,14.114754098360656,130.18032786885246),(1881,11.246575342465754,133.74246575342465),(1882,10.225274725274724,126.48626373626374),(1883,-10.641456582633053,109.27731092436974),(1884,2.8961748633879782,118.37978142076503),(1885,-7.964383561643835,104.51506849315068),(1886,4.526027397260274,117.16712328767123),(1887,5.472527472527473,124.50824175824175),(1888,-1.6830601092896176,114.36338797814207),(1889,16.63186813186813,126.34065934065934)]
CA006155876,[(1882,18.941176470588236,106.59663865546219),(1883,4.183561643835616,99.62912087912088),(1884,8.132231404958677,118.10989010989012),(1885,-1.3424657534246576,107.40934065934066),(1886,10.265193370165745,113.17403314917127),(1887,9.30110497237569,117.49447513812154),(1888,-30.008196721311474,70.04098360655738),(1889,20.575342465753426,121.56712328767124)]
CA006158350,[(1880,30.918032786885245,118.86065573770492),(1881,32.93150684931507,124.21369863013699),(1882,31.076712328767123,117.89315068493151),(1883,6.402739726027397,100.95616438356164),(1884,16.516393442622952,111.07103825136612),(1885,4.287671232876712,98.61643835616438),(1886,18.03287671232877,110.02739726027397),(1887,19.356164383561644,114.6054794520548),(1888,13.60655737704918,105.74863387978142),(1889,32.704109589041096,118.75068493150685)]
CA006160465,[(1882,-54.561797752808985,46.70454545454545),(1883,-43.554913294797686,82.54913294797687),(1884,-35.95,100.4298245614035),(1885,-42.50898203592814,96.90390390390391),(1886,-155.41573033707866,-13.910112359550562),(1889,-58.21951219512195,35.25609756097561)]
CA006163156,[(1888,26.438095238095237,145.6904761904762),(1889,-4.002747252747253,108.51780821917808)]
CA006165195,[(1886,-114.98360655737704,-3.7868852459016393),(1887,-38.93698630136986,115.81643835616438),(1888,-41.377049180327866,100.5327868852459),(1889,-15.849315068493151,117.48493150684932)]
CA007021954,[(1880,43.382075471698116,145.99530516431926),(1881,-1.7743732590529249,109.73184357541899),(1882,-11.91388888888889,101.48055555555555),(1883,-24.082872928176794,97.22375690607734),(1884,2.6149425287356323,106.17260273972603),(1885,-20.330532212885153,98.80672268907563),(1886,-13.456582633053221,111.30812324929973),(1887,-11.74251497005988,112.23652694610779)]
CA007023240,[(1880,5.546448087431694,105.39617486338798),(1881,6.938028169014085,99.94647887323944),(1882,6.676880222841226,99.2284122562674),(1883,-11.355371900826446,90.92561983471074),(1884,0.3342618384401114,101.79945054945055),(1885,-10.36986301369863,85.98630136986301),(1886,-2.2054794520547945,97.38630136986302),(1887,-7.0,96.9041095890411),(1888,-6.560109289617486,87.05737704918033),(1889,12.024657534246575,103.5095890410959)]
CA007024280,[(1888,-89.9,-3.607843137254902),(1889,-10.550595238095237,99.92307692307692)]
CA007050790,[(1881,-8.498245614035088,50.14385964912281),(1882,-7.167123287671233,62.221917808219175),(1883,-8.832876712328767,65.28219178082192),(1884,-11.901639344262295,58.349726775956285),(1885,-4.117808219178082,66.15068493150685),(1886,5.101369863013699,73.67945205479452),(1887,-4.249315068493151,65.6109589041096),(1888,-3.180327868852459,65.16120218579235),(1889,7.271232876712329,76.8)]
CA008100500,[(1880,-17.0,87.61980830670926),(1881,-56.85087719298246,44.016949152542374),(1882,-21.20655737704918,98.72786885245901),(1883,-48.42238267148014,75.35018050541517),(1884,-27.674418604651162,93.61627906976744),(1885,-22.20234604105572,100.80351906158357),(1886,-23.392156862745097,104.1484593837535),(1887,-35.76601671309192,95.36944444444444),(1888,-24.799418604651162,101.84507042253522),(1889,-2.2521246458923514,127.47025495750708)]
CA008104600,[(1880,24.80952380952381,104.05191256830601),(1881,17.89041095890411,102.13698630136986),(1882,6.008219178082192,98.35616438356165),(1883,-2.9945205479452053,94.47671232876712),(1884,3.978142076502732,97.93715846994536),(1885,-0.0410958904109589,97.22465753424657),(1886,4.671232876712328,105.6082191780822),(1887,0.9424657534246575,100.21369863013699),(1888,-0.1092896174863388,92.62295081967213),(1889,18.561643835616437,113.88219178082191)]
CA008206490,[(1880,21.87123287671233,111.58904109589041),(1881,27.804532577903682,104.75428571428571),(1882,22.569014084507042,91.75071633237822),(1883,16.506849315068493,93.3972602739726),(1884,26.10928961748634,98.3415300546448),(1885,25.517808219178082,107.0864553314121),(1886,18.29106628242075,111.35795454545455),(1887,19.087671232876712,106.47945205479452),(1888,22.661202185792348,91.90163934426229),(1889,42.11506849315069,117.1972602739726)]
CA008401600,[(1880,30.027322404371585,63.46994535519126)]
CA008403635,[(1889,55.34975369458128,126.0935960591133)]
CE000043497,[(1880,237.01381215469613,306.5382513661202),(1881,239.47671232876712,302.8493150684931),(1882,236.92876712328768,301.3424657534247),(1883,233.986301369863,300.2191780821918),(1884,233.15300546448088,292.77322404371586),(1885,234.4931506849315,290.8109589041096),(1886,233.31506849315068,288.6011235955056),(1887,230.06849315068493,295.44884488448844),(1888,233.30601092896174,304.0464480874317),(1889,235.78082191780823,306.6876712328767)]
GM000003319,[(1880,61.978142076502735,140.35245901639345),(1881,48.38082191780822,125.21095890410959),(1882,59.33150684931507,137.9808219178082),(1883,41.33424657534247,129.4849315068493),(1884,46.68852459016394,137.30327868852459),(1885,41.463013698630135,126.40821917808219),(1886,39.0027397260274,131.13972602739727),(1887,49.657534246575345,121.66027397260274),(1888,45.48360655737705,115.98360655737704),(1889,55.93698630136986,124.82465753424657)]
KZ000035188,[(1884,-8.494565217391305,None),(1885,-45.01796407185629,None)]
KZ000035700,[(1881,24.42608695652174,None),(1882,-116.38709677419355,None),(1885,-0.8114754098360656,43.08139534883721),(1886,None,118.64657534246575),(1887,None,244.1138211382114)]
RSM00027051,[(1883,-40.51086956521739,None),(1884,-52.84,None)]
TSE00147775,[(1886,168.51282051282053,254.18367346938774),(1887,155.98554913294797,229.3984962406015),(1888,157.72727272727272,219.51704545454547),(1889,145.6024096385542,236.15615615615616)]
TX000038763,[(1883,211.25,None),(1885,56.59322033898305,199.0),(1889,61.98913043478261,None)]
UK000003026,[(1880,54.516417910447764,110.76785714285714),(1881,40.90958904109589,98.95342465753424),(1882,51.1945205479452,107.4423076923077),(1883,49.3502994011976,105.91044776119404),(1884,50.994535519125684,109.40710382513662),(1885,41.23013698630137,99.8958904109589),(1886,39.298630136986304,102.2),(1887,45.64657534246575,105.77260273972603),(1888,43.05191256830601,101.33060109289617),(1889,50.75068493150685,109.16712328767123)]
UK000047811,[(1880,53.3551912568306,123.80054644808743),(1881,46.013698630136986,115.14520547945206),(1882,53.42739726027397,123.57260273972602),(1883,46.66575342465753,121.46301369863014),(1884,49.62841530054645,129.3551912568306),(1885,44.06027397260274,120.25753424657535),(1886,46.02739726027397,116.78356164383561),(1887,46.45205479452055,123.67945205479452),(1888,46.28142076502732,119.22950819672131),(1889,54.1945205479452,125.33150684931506)]
UPM00033587,[(1885,12.885245901639344,None),(1887,25.36986301369863,127.73150684931507),(1888,20.06528189910979,127.1839762611276),(1889,16.19402985074627,103.96417910447761)]
UPM00033889,[(1887,58.777472527472526,186.91538461538462),(1888,46.723287671232875,192.6),(1889,40.193251533742334,143.70625)]
UPM00033910,[(1885,53.484931506849314,None),(1886,56.92328767123288,None),(1887,62.26575342465753,None),(1889,52.54545454545455,None)]
USC00012386,[(1889,95.36363636363636,None)]
USC00023096,[(1883,161.49382716049382,306.65432098765433),(1889,118.90119760479043,212.73952095808383)]
USC00034251,[(1880,124.70604395604396,217.84615384615384),(1881,129.92307692307693,224.0054945054945),(1882,129.87671232876713,219.36438356164385),(1883,121.39118457300276,222.8870523415978),(1884,116.27671232876712,218.35068493150686),(1885,114.9478021978022,219.4120879120879),(1886,104.47397260273972,204.95342465753424),(1887,113.04931506849314,225.16712328767125),(1888,110.41436464088397,212.5785123966942),(1889,117.19832402234637,218.9607843137255)]
USC00034562,[(1883,162.864406779661,302.7345971563981),(1884,163.15238095238095,304.0373831775701),(1885,154.0193548387097,311.5388888888889),(1886,177.35658914728683,321.07042253521126),(1887,154.10185185185185,320.96666666666664),(1888,199.92929292929293,310.11242603550295),(1889,158.89221556886227,286.47513812154693)]
USC00043157,[(1880,None,150.98907103825135),(1881,None,179.92602739726027),(1882,23.240816326530613,184.34057971014494),(1883,-10.257534246575343,170.4904109589041),(1884,15.836065573770492,151.80054644808743),(1885,41.77302631578947,180.92763157894737),(1886,28.980821917808218,159.52307692307693),(1887,20.432876712328767,164.04109589041096),(1888,27.811475409836067,172.76775956284152),(1889,28.410958904109588,175.0)]
USC00064767,[(1880,42.4207650273224,156.2295081967213),(1881,42.8027397260274,153.1095890410959),(1882,36.441095890410956,147.33150684931508),(1883,28.487671232876714,145.51232876712328),(1884,39.87431693989071,150.3224043715847),(1885,31.34246575342466,148.68493150684932),(1886,35.76438356164383,148.3972602739726),(1887,36.44931506849315,148.23835616438356),(1888,28.47814207650273,137.224043715847),(1889,53.52054794520548,151.2821917808219)]
USC00171100,[(1888,30.797385620915033,117.51633986928104),(1889,35.8644578313253,133.11854103343464)]
USC00175070,[(1885,118.38709677419355,239.21875),(1886,-109.10526315789474,205.42857142857142),(1887,-3.625,242.1),(1888,-21.7,226.33333333333334),(1889,-33.22222222222222,235.21428571428572)]
USC00176655,[(1885,86.89671361502347,142.33802816901408),(1886,-6.6490066225165565,41.43046357615894)]
USC00176902,[(1880,48.833333333333336,135.327868852459),(1881,51.01917808219178,131.18082191780823),(1882,47.221917808219175,131.46301369863014),(1883,33.989041095890414,125.42191780821918),(1884,44.61748633879781,130.39890710382514),(1885,30.627397260273973,121.64931506849315),(1886,26.616438356164384,111.9041095890411),(1887,26.54794520547945,110.62739726027397),(1888,19.030054644808743,101.08743169398907),(1889,42.66849315068493,119.59178082191781)]
USC00193110,[(1885,51.282722513089006,172.61780104712042),(1886,20.140056022408963,136.18384401114207),(1887,7.976109215017065,117.36054421768708),(1888,-12.824074074074074,108.50308641975309),(1889,30.27094972067039,140.18055555555554)]
USC00194295,[(1885,41.29752066115702,132.6749311294766),(1886,45.97808219178082,128.73698630136985),(1887,51.413698630136984,132.56986301369864),(1888,42.013661202185794,123.80054644808743),(1889,67.16712328767123,135.77260273972604)]
USC00194795,[(1885,74.33061224489796,178.58775510204083),(1886,32.88219178082192,138.87671232876713),(1887,36.9041095890411,136.32602739726028),(1888,25.161643835616438,125.94808743169399),(1889,45.48760330578512,142.58356164383562)]
USC00195145,[(1888,134.79508196721312,222.88333333333333),(1889,97.40579710144928,165.44174757281553)]
USC00196770,[(1886,48.90909090909091,168.3262195121951),(1887,28.750692520775623,132.81994459833794),(1889,-30.0,-3.225806451612903)]
USC00199731,[(1885,-32.814126394052046,72.14179104477611),(1886,21.972375690607734,122.22714681440443),(1887,16.177966101694917,119.36723163841808),(1888,-13.395744680851063,114.7827868852459)]
USC00200094,[(1889,35.98148148148148,63.7962962962963)]
USC00202466,[(1889,149.11290322580646,272.2096774193548)]
USC00207097,[(1889,46.596774193548384,155.43548387096774)]
USC00215638,[(1886,-9.591780821917808,103.41208791208791),(1887,-17.575342465753426,95.30684931506849),(1888,-13.502732240437158,86.67397260273972),(1889,3.336986301369863,115.52876712328766)]
USC00241008,[(1880,72.0,239.0)]
USC00241418,[(1882,-78.0,-11.0)]
USC00252065,[(1889,181.82051282051282,292.37068965517244)]
USC00260507,[(1887,-13.340659340659341,91.17582417582418),(1888,33.34530386740332,163.19945355191257),(1889,17.314685314685313,175.13636363636363)]
USC00262708,[(1888,78.98897058823529,218.5970695970696),(1889,8.494011976047904,175.83880597014925)]
USC00263040,[(1888,-34.06666666666667,117.6896551724138),(1889,27.201117318435752,179.22128851540617)]
USC00268761,[(1887,-60.645161290322584,74.1923076923077),(1889,82.96846846846847,187.94117647058823)]
USC00275880,[(1889,65.59469696969697,176.07142857142858)]
USC00278440,[(1886,30.936893203883496,178.1504854368932),(1887,-8.063186813186814,133.7041095890411),(1888,-10.844262295081966,121.74590163934427),(1889,0.0,322.0)]
USC00300958,[(1886,30.184782608695652,119.27173913043478),(1887,74.07756232686981,158.05277777777778),(1888,26.113300492610836,81.34358974358975),(1889,45.99173553719008,116.7457627118644)]
USC00301010,[(1880,48.650273224043715,121.90983606557377),(1881,45.054794520547944,124.66027397260274),(1882,46.915068493150685,119.23561643835616),(1883,30.5972602739726,114.75342465753425),(1884,37.549180327868854,119.66939890710383),(1885,27.69041095890411,108.16438356164383),(1886,40.44931506849315,120.83561643835617),(1887,42.515068493150686,126.9972602739726),(1888,32.96448087431694,108.93989071038251),(1889,49.484931506849314,119.78356164383561)]
USC00319462,[(1880,127.06284153005464,228.24043715846994),(1881,135.70958904109588,224.36712328767123),(1882,136.21917808219177,221.1917808219178),(1883,133.56986301369864,225.17808219178082),(1884,136.15027322404373,229.79781420765028),(1885,123.69589041095891,220.62739726027397),(1886,115.44109589041096,221.86027397260273),(1887,117.25205479452055,219.88219178082193),(1888,122.5,217.54644808743168),(1889,127.9013698630137,216.013698630137)]
USC00348285,[(1888,22.0,183.0)]
USC00354670,[(1887,30.09090909090909,183.9878787878788),(1888,-12.547619047619047,125.51968503937007)]
USC00367239,[(1884,1.6065573770491803,209.34426229508196),(1885,35.974264705882355,111.26838235294117),(1886,40.97534246575343,119.57260273972602),(1887,36.79178082191781,145.43835616438355),(1888,29.887978142076502,148.04644808743168),(1889,47.657534246575345,161.98626373626374)]
USC00435733,[(1887,18.284313725490197,131.48692810457516),(1888,-10.702185792349727,95.7103825136612),(1889,9.101369863013698,112.40821917808219)]
USC00456109,[(1880,43.648648648648646,137.95810055865923),(1881,53.09880239520958,138.45209580838323),(1882,50.536986301369865,141.75616438356164),(1883,52.397260273972606,146.74246575342465),(1884,53.53551912568306,150.35792349726776),(1885,59.084931506849315,168.36438356164385),(1886,53.704109589041096,155.4931506849315),(1887,47.15890410958904,144.1205479452055),(1888,55.885245901639344,157.47540983606558),(1889,54.49315068493151,165.16164383561645)]
USC00466207,[(1880,80.82222222222222,176.125),(1881,80.30958904109589,174.22465753424657),(1882,75.83287671232877,166.23561643835617),(1883,-21.355555555555554,77.16666666666667)]
USC00474375,[(1880,37.86612021857923,131.75409836065575),(1881,44.19178082191781,130.03287671232877),(1882,46.487671232876714,130.15616438356165),(1883,19.465753424657535,107.31506849315069),(1884,31.6775956284153,117.8360655737705),(1885,27.12876712328767,113.17260273972603),(1886,38.49589041095891,133.27472527472528),(1887,20.471232876712328,128.6958904109589),(1888,13.368852459016393,109.17213114754098),(1889,29.269972451790633,133.90358126721762)]
USC00485355,[(1881,878.0,44.0)]
USW00012945,[(1883,196.2394366197183,325.92056074766356),(1884,192.85981308411215,313.4766355140187),(1885,198.58695652173913,301.0869565217391),(1886,197.00980392156862,306.4019607843137),(1887,192.65217391304347,317.19565217391306),(1888,193.45054945054946,297.38461538461536)]
USW00013872,[(1880,15.403846153846153,116.11320754716981),(1887,79.34979423868313,184.89711934156378),(1889,73.39944134078212,190.60055865921788)]
USW00093725,[(1880,82.8224043715847,184.05191256830602),(1881,75.76347305389221,173.64071856287424),(1882,82.1972602739726,177.3068493150685),(1883,74.31506849315069,175.42465753424656),(1884,81.10382513661202,182.10382513661202),(1885,55.46027397260274,168.2931506849315),(1886,71.98082191780821,137.4794520547945),(1887,79.30410958904109,176.41095890410958),(1888,73.0464480874317,169.28415300546447),(1889,83.17534246575343,175.21369863013697)]
